solid Model
 facet normal -0.5773503 0.5773503 0.5773503
  outer loop
   vertex 22.5 -22.5 -9.3198
   vertex 22.5 -9.3198 -22.5
   vertex 9.3198 -22.5 -22.5
  endloop
 endfacet
 facet normal 0.5773503 -0.5773503 -0.5773503
  outer loop
   vertex 25 -25 -10.3553
   vertex 10.3553 -25 -25
   vertex 25 -10.3553 -25
  endloop
 endfacet
 facet normal -0.5000024 0.5000024 -0.7071033
  outer loop
   vertex 25 -10.3553 -25
   vertex 10.3553 -25 -25
   vertex 9.3198 -22.5 -22.5
  endloop
 endfacet
 facet normal -0.5000024 0.5000024 -0.7071033
  outer loop
   vertex 9.3198 -22.5 -22.5
   vertex 22.5 -9.3198 -22.5
   vertex 25 -10.3553 -25
  endloop
 endfacet
 facet normal 0.7071033 0.5000024 0.5000024
  outer loop
   vertex 25 -25 -10.3553
   vertex 25 -10.3553 -25
   vertex 22.5 -9.3198 -22.5
  endloop
 endfacet
 facet normal 0.7071033 0.5000024 0.5000024
  outer loop
   vertex 22.5 -9.3198 -22.5
   vertex 22.5 -22.5 -9.3198
   vertex 25 -25 -10.3553
  endloop
 endfacet
 facet normal -0.5000024 -0.7071033 0.5000024
  outer loop
   vertex 10.3553 -25 -25
   vertex 25 -25 -10.3553
   vertex 22.5 -22.5 -9.3198
  endloop
 endfacet
 facet normal -0.5000024 -0.7071033 0.5000024
  outer loop
   vertex 10.3553 -25 -25
   vertex 22.5 -22.5 -9.3198
   vertex 9.3198 -22.5 -22.5
  endloop
 endfacet
 facet normal -0.5773503 -0.5773503 0.5773503
  outer loop
   vertex 22.5 9.3198 -22.5
   vertex 22.5 22.5 -9.3198
   vertex 9.3198 22.5 -22.5
  endloop
 endfacet
 facet normal 0.5773503 0.5773503 -0.5773503
  outer loop
   vertex 25 10.3553 -25
   vertex 10.3553 25 -25
   vertex 25 25 -10.3553
  endloop
 endfacet
 facet normal -0.5000024 0.7071033 0.5000024
  outer loop
   vertex 25 25 -10.3553
   vertex 10.3553 25 -25
   vertex 9.3198 22.5 -22.5
  endloop
 endfacet
 facet normal -0.5000024 0.7071033 0.5000024
  outer loop
   vertex 9.3198 22.5 -22.5
   vertex 22.5 22.5 -9.3198
   vertex 25 25 -10.3553
  endloop
 endfacet
 facet normal 0.7071033 -0.5000024 0.5000024
  outer loop
   vertex 25 10.3553 -25
   vertex 25 25 -10.3553
   vertex 22.5 22.5 -9.3198
  endloop
 endfacet
 facet normal 0.7071033 -0.5000024 0.5000024
  outer loop
   vertex 22.5 22.5 -9.3198
   vertex 22.5 9.3198 -22.5
   vertex 25 10.3553 -25
  endloop
 endfacet
 facet normal -0.5000024 -0.5000024 -0.7071033
  outer loop
   vertex 10.3553 25 -25
   vertex 25 10.3553 -25
   vertex 22.5 9.3198 -22.5
  endloop
 endfacet
 facet normal -0.5000024 -0.5000024 -0.7071033
  outer loop
   vertex 10.3553 25 -25
   vertex 22.5 9.3198 -22.5
   vertex 9.3198 22.5 -22.5
  endloop
 endfacet
 facet normal 0.5773503 -0.5773503 -0.5773503
  outer loop
   vertex -22.5 9.3198 22.5
   vertex -22.5 22.5 9.3198
   vertex -9.3198 22.5 22.5
  endloop
 endfacet
 facet normal -0.5773503 0.5773503 0.5773503
  outer loop
   vertex -25 10.3553 25
   vertex -10.3553 25 25
   vertex -25 25 10.3553
  endloop
 endfacet
 facet normal 0.5000024 0.7071033 -0.5000024
  outer loop
   vertex -25 25 10.3553
   vertex -10.3553 25 25
   vertex -9.3198 22.5 22.5
  endloop
 endfacet
 facet normal 0.5000024 0.7071033 -0.5000024
  outer loop
   vertex -9.3198 22.5 22.5
   vertex -22.5 22.5 9.3198
   vertex -25 25 10.3553
  endloop
 endfacet
 facet normal -0.7071033 -0.5000024 -0.5000024
  outer loop
   vertex -25 10.3553 25
   vertex -25 25 10.3553
   vertex -22.5 22.5 9.3198
  endloop
 endfacet
 facet normal -0.7071033 -0.5000024 -0.5000024
  outer loop
   vertex -22.5 22.5 9.3198
   vertex -22.5 9.3198 22.5
   vertex -25 10.3553 25
  endloop
 endfacet
 facet normal 0.5000024 -0.5000024 0.7071033
  outer loop
   vertex -10.3553 25 25
   vertex -25 10.3553 25
   vertex -22.5 9.3198 22.5
  endloop
 endfacet
 facet normal 0.5000024 -0.5000024 0.7071033
  outer loop
   vertex -10.3553 25 25
   vertex -22.5 9.3198 22.5
   vertex -9.3198 22.5 22.5
  endloop
 endfacet
 facet normal 0.5773503 0.5773503 -0.5773503
  outer loop
   vertex -22.5 -22.5 9.3198
   vertex -22.5 -9.3198 22.5
   vertex -9.3198 -22.5 22.5
  endloop
 endfacet
 facet normal -0.5773503 -0.5773503 0.5773503
  outer loop
   vertex -25 -25 10.3553
   vertex -10.3553 -25 25
   vertex -25 -10.3553 25
  endloop
 endfacet
 facet normal 0.5000024 0.5000024 0.7071033
  outer loop
   vertex -25 -10.3553 25
   vertex -10.3553 -25 25
   vertex -9.3198 -22.5 22.5
  endloop
 endfacet
 facet normal 0.5000024 0.5000024 0.7071033
  outer loop
   vertex -9.3198 -22.5 22.5
   vertex -22.5 -9.3198 22.5
   vertex -25 -10.3553 25
  endloop
 endfacet
 facet normal -0.7071033 0.5000024 -0.5000024
  outer loop
   vertex -25 -25 10.3553
   vertex -25 -10.3553 25
   vertex -22.5 -9.3198 22.5
  endloop
 endfacet
 facet normal -0.7071033 0.5000024 -0.5000024
  outer loop
   vertex -22.5 -9.3198 22.5
   vertex -22.5 -22.5 9.3198
   vertex -25 -25 10.3553
  endloop
 endfacet
 facet normal 0.5000024 -0.7071033 -0.5000024
  outer loop
   vertex -10.3553 -25 25
   vertex -25 -25 10.3553
   vertex -22.5 -22.5 9.3198
  endloop
 endfacet
 facet normal 0.5000024 -0.7071033 -0.5000024
  outer loop
   vertex -10.3553 -25 25
   vertex -22.5 -22.5 9.3198
   vertex -9.3198 -22.5 22.5
  endloop
 endfacet
 facet normal 0.5773503 0.5773503 0.5773503
  outer loop
   vertex -22.5 -9.3198 -22.5
   vertex -22.5 -22.5 -9.3198
   vertex -9.3198 -22.5 -22.5
  endloop
 endfacet
 facet normal -0.5773503 -0.5773503 -0.5773503
  outer loop
   vertex -25 -10.3553 -25
   vertex -10.3553 -25 -25
   vertex -25 -25 -10.3553
  endloop
 endfacet
 facet normal 0.5000024 -0.7071033 0.5000024
  outer loop
   vertex -25 -25 -10.3553
   vertex -10.3553 -25 -25
   vertex -9.3198 -22.5 -22.5
  endloop
 endfacet
 facet normal 0.5000024 -0.7071033 0.5000024
  outer loop
   vertex -9.3198 -22.5 -22.5
   vertex -22.5 -22.5 -9.3198
   vertex -25 -25 -10.3553
  endloop
 endfacet
 facet normal -0.7071033 0.5000024 0.5000024
  outer loop
   vertex -25 -10.3553 -25
   vertex -25 -25 -10.3553
   vertex -22.5 -22.5 -9.3198
  endloop
 endfacet
 facet normal -0.7071033 0.5000024 0.5000024
  outer loop
   vertex -22.5 -22.5 -9.3198
   vertex -22.5 -9.3198 -22.5
   vertex -25 -10.3553 -25
  endloop
 endfacet
 facet normal 0.5000024 0.5000024 -0.7071033
  outer loop
   vertex -10.3553 -25 -25
   vertex -25 -10.3553 -25
   vertex -22.5 -9.3198 -22.5
  endloop
 endfacet
 facet normal 0.5000024 0.5000024 -0.7071033
  outer loop
   vertex -10.3553 -25 -25
   vertex -22.5 -9.3198 -22.5
   vertex -9.3198 -22.5 -22.5
  endloop
 endfacet
 facet normal 0.5773503 -0.5773503 0.5773503
  outer loop
   vertex -22.5 22.5 -9.3198
   vertex -22.5 9.3198 -22.5
   vertex -9.3198 22.5 -22.5
  endloop
 endfacet
 facet normal -0.5773503 0.5773503 -0.5773503
  outer loop
   vertex -25 25 -10.3553
   vertex -10.3553 25 -25
   vertex -25 10.3553 -25
  endloop
 endfacet
 facet normal 0.5000024 -0.5000024 -0.7071033
  outer loop
   vertex -25 10.3553 -25
   vertex -10.3553 25 -25
   vertex -9.3198 22.5 -22.5
  endloop
 endfacet
 facet normal 0.5000024 -0.5000024 -0.7071033
  outer loop
   vertex -9.3198 22.5 -22.5
   vertex -22.5 9.3198 -22.5
   vertex -25 10.3553 -25
  endloop
 endfacet
 facet normal -0.7071033 -0.5000024 0.5000024
  outer loop
   vertex -25 25 -10.3553
   vertex -25 10.3553 -25
   vertex -22.5 9.3198 -22.5
  endloop
 endfacet
 facet normal -0.7071033 -0.5000024 0.5000024
  outer loop
   vertex -22.5 9.3198 -22.5
   vertex -22.5 22.5 -9.3198
   vertex -25 25 -10.3553
  endloop
 endfacet
 facet normal 0.5000024 0.7071033 0.5000024
  outer loop
   vertex -10.3553 25 -25
   vertex -25 25 -10.3553
   vertex -22.5 22.5 -9.3198
  endloop
 endfacet
 facet normal 0.5000024 0.7071033 0.5000024
  outer loop
   vertex -10.3553 25 -25
   vertex -22.5 22.5 -9.3198
   vertex -9.3198 22.5 -22.5
  endloop
 endfacet
 facet normal -0.5773503 0.5773503 -0.5773503
  outer loop
   vertex 22.5 -9.3198 22.5
   vertex 22.5 -22.5 9.3198
   vertex 9.3198 -22.5 22.5
  endloop
 endfacet
 facet normal 0.5773503 -0.5773503 0.5773503
  outer loop
   vertex 25 -10.3553 25
   vertex 10.3553 -25 25
   vertex 25 -25 10.3553
  endloop
 endfacet
 facet normal -0.5000024 -0.7071033 -0.5000024
  outer loop
   vertex 25 -25 10.3553
   vertex 10.3553 -25 25
   vertex 9.3198 -22.5 22.5
  endloop
 endfacet
 facet normal -0.5000024 -0.7071033 -0.5000024
  outer loop
   vertex 9.3198 -22.5 22.5
   vertex 22.5 -22.5 9.3198
   vertex 25 -25 10.3553
  endloop
 endfacet
 facet normal 0.7071033 0.5000024 -0.5000024
  outer loop
   vertex 25 -10.3553 25
   vertex 25 -25 10.3553
   vertex 22.5 -22.5 9.3198
  endloop
 endfacet
 facet normal 0.7071033 0.5000024 -0.5000024
  outer loop
   vertex 22.5 -22.5 9.3198
   vertex 22.5 -9.3198 22.5
   vertex 25 -10.3553 25
  endloop
 endfacet
 facet normal -0.5000024 0.5000024 0.7071033
  outer loop
   vertex 10.3553 -25 25
   vertex 25 -10.3553 25
   vertex 22.5 -9.3198 22.5
  endloop
 endfacet
 facet normal -0.5000024 0.5000024 0.7071033
  outer loop
   vertex 10.3553 -25 25
   vertex 22.5 -9.3198 22.5
   vertex 9.3198 -22.5 22.5
  endloop
 endfacet
 facet normal -0.5773503 -0.5773503 -0.5773503
  outer loop
   vertex 9.3198 22.5 22.5
   vertex 22.5 22.5 9.3198
   vertex 22.5 9.3198 22.5
  endloop
 endfacet
 facet normal 0.5773503 0.5773503 0.5773503
  outer loop
   vertex 25 25 10.3553
   vertex 10.3553 25 25
   vertex 25 10.3553 25
  endloop
 endfacet
 facet normal -0.5000024 0.7071033 -0.5000024
  outer loop
   vertex 9.3198 22.5 22.5
   vertex 10.3553 25 25
   vertex 25 25 10.3553
  endloop
 endfacet
 facet normal -0.5000024 0.7071033 -0.5000024
  outer loop
   vertex 25 25 10.3553
   vertex 22.5 22.5 9.3198
   vertex 9.3198 22.5 22.5
  endloop
 endfacet
 facet normal 0.7071033 -0.5000024 -0.5000024
  outer loop
   vertex 22.5 22.5 9.3198
   vertex 25 25 10.3553
   vertex 25 10.3553 25
  endloop
 endfacet
 facet normal 0.7071033 -0.5000024 -0.5000024
  outer loop
   vertex 25 10.3553 25
   vertex 22.5 9.3198 22.5
   vertex 22.5 22.5 9.3198
  endloop
 endfacet
 facet normal -0.5000024 -0.5000024 0.7071033
  outer loop
   vertex 22.5 9.3198 22.5
   vertex 25 10.3553 25
   vertex 10.3553 25 25
  endloop
 endfacet
 facet normal -0.5000024 -0.5000024 0.7071033
  outer loop
   vertex 9.3198 22.5 22.5
   vertex 22.5 9.3198 22.5
   vertex 10.3553 25 25
  endloop
 endfacet
endsolid Model
